Plate_id	ABS650	ABS750	well_id	Date	plate_type
1	0.091	0.091	A1	07302019	96
1	0.095	0.098	A2	07302019	96
1	0.097	0.096	A3	07302019	96
1	0.091	0.093	A4	07302019	96
1	0.09	0.093	A5	07302019	96
1	0.089	0.093	A6	07302019	96
1	0.097	0.097	A7	07302019	96
1	0.097	0.099	A8	07302019	96
1	0.095	0.096	A9	07302019	96
1	0.101	0.097	A10	07302019	96
1	0.088	0.089	A11	07302019	96
1	0.086	0.091	A12	07302019	96
1	0.085	0.088	B1	07302019	96
1	0.087	0.09	B2	07302019	96
1	0.079	0.085	B3	07302019	96
1	0.096	0.097	B4	07302019	96
1	0.09	0.091	B5	07302019	96
1	0.102	0.104	B6	07302019	96
1	0.095	0.097	B7	07302019	96
1	0.085	0.089	B8	07302019	96
1	0.097	0.098	B9	07302019	96
1	0.08	0.085	B10	07302019	96
1	0.082	0.088	B11	07302019	96
1	0.08	0.085	B12	07302019	96
1	0.087	0.09	C1	07302019	96
1	0.092	0.093	C2	07302019	96
1	0.094	0.096	C3	07302019	96
1	0.088	0.092	C4	07302019	96
1	0.083	0.087	C5	07302019	96
1	0.1	0.1	C6	07302019	96
1	0.092	0.095	C7	07302019	96
1	0.091	0.094	C8	07302019	96
1	0.092	0.093	C9	07302019	96
1	0.091	0.096	C10	07302019	96
1	0.094	0.096	C11	07302019	96
1	0.095	0.095	C12	07302019	96
1	0.086	0.087	D1	07302019	96
1	0.091	0.095	D2	07302019	96
1	0.095	0.096	D3	07302019	96
1	0.082	0.088	D4	07302019	96
1	0.084	0.09	D5	07302019	96
1	0.094	0.096	D6	07302019	96
1	0.094	0.095	D7	07302019	96
1	0.095	0.096	D8	07302019	96
1	0.094	0.097	D9	07302019	96
1	0.08	0.086	D10	07302019	96
1	0.081	0.087	D11	07302019	96
1	0.085	0.09	D12	07302019	96
1	0.091	0.092	E1	07302019	96
1	0.096	0.096	E2	07302019	96
1	0.091	0.091	E3	07302019	96
1	0.101	0.099	E4	07302019	96
1	0.095	0.095	E5	07302019	96
1	0.087	0.091	E6	07302019	96
1	0.09	0.093	E7	07302019	96
1	0.099	0.098	E8	07302019	96
1	0.092	0.093	E9	07302019	96
1	0.099	0.099	E10	07302019	96
1	0.096	0.099	E11	07302019	96
1	0.083	0.089	E12	07302019	96
1	0.09	0.093	F1	07302019	96
1	0.086	0.088	F2	07302019	96
1	0.086	0.088	F3	07302019	96
1	0.091	0.092	F4	07302019	96
1	0.09	0.092	F5	07302019	96
1	0.091	0.092	F6	07302019	96
1	0.088	0.091	F7	07302019	96
1	0.088	0.089	F8	07302019	96
1	0.098	0.099	F9	07302019	96
1	0.077	0.082	F10	07302019	96
1	0.079	0.084	F11	07302019	96
1	0.078	0.084	F12	07302019	96
1	0.081	0.086	G1	07302019	96
1	0.078	0.082	G2	07302019	96
1	0.078	0.083	G3	07302019	96
1	0.083	0.082	G4	07302019	96
1	0.083	0.081	G5	07302019	96
1	0.084	0.083	G6	07302019	96
1	0.084	0.081	G7	07302019	96
1	0.084	0.081	G8	07302019	96
1	0.082	0.08	G9	07302019	96
1	0.083	0.079	G10	07302019	96
1	0.083	0.081	G11	07302019	96
1	0.083	0.08	G12	07302019	96
1	0.083	0.081	H1	07302019	96
1	0.086	0.081	H2	07302019	96
1	0.083	0.081	H3	07302019	96
1	0.083	0.081	H4	07302019	96
1	0.083	0.08	H5	07302019	96
1	0.084	0.08	H6	07302019	96
1	0.083	0.08	H7	07302019	96
1	0.083	0.08	H8	07302019	96
1	0.083	0.079	H9	07302019	96
1	0.084	0.08	H10	07302019	96
1	0.083	0.08	H11	07302019	96
1	0.084	0.08	H12	07302019	96
2	0.156	0.141	A1	07302019	96
2	0.255	0.212	A2	07302019	96
2	0.263	0.21	A3	07302019	96
2	0.2	0.182	A4	07302019	96
2	0.209	0.173	A5	07302019	96
2	0.117	0.113	A6	07302019	96
2	0.168	0.154	A7	07302019	96
2	0.167	0.148	A8	07302019	96
2	0.217	0.186	A9	07302019	96
2	0.174	0.165	A10	07302019	96
2	0.164	0.142	A11	07302019	96
2	0.216	0.176	A12	07302019	96
2	0.141	0.133	B1	07302019	96
2	0.12	0.115	B2	07302019	96
2	0.095	0.097	B3	07302019	96
2	0.19	0.169	B4	07302019	96
2	0.126	0.119	B5	07302019	96
2	0.217	0.189	B6	07302019	96
2	0.14	0.137	B7	07302019	96
2	0.118	0.112	B8	07302019	96
2	0.208	0.171	B9	07302019	96
2	0.079	0.084	B10	07302019	96
2	0.08	0.085	B11	07302019	96
2	0.08	0.084	B12	07302019	96
2	0.121	0.116	C1	07302019	96
2	0.138	0.124	C2	07302019	96
2	0.191	0.169	C3	07302019	96
2	0.163	0.142	C4	07302019	96
2	0.122	0.112	C5	07302019	96
2	0.178	0.153	C6	07302019	96
2	0.159	0.142	C7	07302019	96
2	0.171	0.157	C8	07302019	96
2	0.142	0.135	C9	07302019	96
2	0.212	0.187	C10	07302019	96
2	0.188	0.169	C11	07302019	96
2	0.202	0.159	C12	07302019	96
2	0.119	0.117	D1	07302019	96
2	0.156	0.144	D2	07302019	96
2	0.164	0.146	D3	07302019	96
2	0.109	0.103	D4	07302019	96
2	0.113	0.11	D5	07302019	96
2	0.152	0.148	D6	07302019	96
2	0.236	0.192	D7	07302019	96
2	0.186	0.16	D8	07302019	96
2	0.139	0.13	D9	07302019	96
2	0.078	0.083	D10	07302019	96
2	0.08	0.086	D11	07302019	96
2	0.083	0.087	D12	07302019	96
2	0.164	0.15	E1	07302019	96
2	0.209	0.181	E2	07302019	96
2	0.147	0.127	E3	07302019	96
2	0.198	0.162	E4	07302019	96
2	0.228	0.193	E5	07302019	96
2	0.135	0.121	E6	07302019	96
2	0.123	0.113	E7	07302019	96
2	0.21	0.182	E8	07302019	96
2	0.145	0.132	E9	07302019	96
2	0.217	0.179	E10	07302019	96
2	0.181	0.163	E11	07302019	96
2	0.106	0.103	E12	07302019	96
2	0.145	0.141	F1	07302019	96
2	0.146	0.133	F2	07302019	96
2	0.127	0.114	F3	07302019	96
2	0.137	0.125	F4	07302019	96
2	0.119	0.117	F5	07302019	96
2	0.15	0.136	F6	07302019	96
2	0.11	0.108	F7	07302019	96
2	0.118	0.115	F8	07302019	96
2	0.219	0.189	F9	07302019	96
2	0.08	0.084	F10	07302019	96
2	0.08	0.086	F11	07302019	96
2	0.082	0.086	F12	07302019	96
2	0.08	0.084	G1	07302019	96
2	0.078	0.084	G2	07302019	96
2	0.077	0.083	G3	07302019	96
2	0.083	0.081	G4	07302019	96
2	0.084	0.081	G5	07302019	96
2	0.084	0.082	G6	07302019	96
2	0.084	0.081	G7	07302019	96
2	0.083	0.08	G8	07302019	96
2	0.082	0.079	G9	07302019	96
2	0.082	0.079	G10	07302019	96
2	0.082	0.08	G11	07302019	96
2	0.083	0.081	G12	07302019	96
2	0.083	0.081	H1	07302019	96
2	0.084	0.082	H2	07302019	96
2	0.083	0.082	H3	07302019	96
2	0.084	0.081	H4	07302019	96
2	0.084	0.08	H5	07302019	96
2	0.083	0.079	H6	07302019	96
2	0.083	0.08	H7	07302019	96
2	0.082	0.08	H8	07302019	96
2	0.083	0.079	H9	07302019	96
2	0.083	0.079	H10	07302019	96
2	0.084	0.08	H11	07302019	96
2	0.086	0.083	H12	07302019	96
3	0.689	0.613	A1	07302019	96
3	1.115	0.715	A2	07302019	96
3	1.061	0.836	A3	07302019	96
3	0.931	0.708	A4	07302019	96
3	1.145	0.711	A5	07302019	96
3	0.378	0.303	A6	07302019	96
3	0.647	0.573	A7	07302019	96
3	0.646	0.505	A8	07302019	96
3	1.123	0.869	A9	07302019	96
3	0.97	0.894	A10	07302019	96
3	0.912	0.687	A11	07302019	96
3	0.84	0.682	A12	07302019	96
3	0.821	0.608	B1	07302019	96
3	0.665	0.702	B2	07302019	96
3	0.196	0.172	B3	07302019	96
3	0.994	0.783	B4	07302019	96
3	0.567	0.479	B5	07302019	96
3	1.165	0.821	B6	07302019	96
3	0.976	0.863	B7	07302019	96
3	0.464	0.352	B8	07302019	96
3	1.159	0.784	B9	07302019	96
3	0.083	0.081	B10	07302019	96
3	0.084	0.083	B11	07302019	96
3	0.086	0.083	B12	07302019	96
3	0.644	0.603	C1	07302019	96
3	0.731	0.657	C2	07302019	96
3	1.035	0.771	C3	07302019	96
3	1.069	0.694	C4	07302019	96
3	0.469	0.358	C5	07302019	96
3	0.888	0.718	C6	07302019	96
3	0.707	0.618	C7	07302019	96
3	0.765	0.616	C8	07302019	96
3	0.928	0.799	C9	07302019	96
3	0.869	0.597	C10	07302019	96
3	0.961	0.708	C11	07302019	96
3	1.188	0.885	C12	07302019	96
3	0.539	0.474	D1	07302019	96
3	0.759	0.593	D2	07302019	96
3	0.632	0.524	D3	07302019	96
3	0.307	0.321	D4	07302019	96
3	0.329	0.274	D5	07302019	96
3	1.205	0.877	D6	07302019	96
3	1.169	0.851	D7	07302019	96
3	0.948	0.676	D8	07302019	96
3	0.702	0.623	D9	07302019	96
3	0.084	0.082	D10	07302019	96
3	0.084	0.083	D11	07302019	96
3	0.084	0.082	D12	07302019	96
3	0.772	0.603	E1	07302019	96
3	0.968	0.697	E2	07302019	96
3	0.64	0.529	E3	07302019	96
3	0.921	0.663	E4	07302019	96
3	1.302	0.841	E5	07302019	96
3	0.442	0.328	E6	07302019	96
3	0.613	0.453	E7	07302019	96
3	0.996	0.709	E8	07302019	96
3	0.7	0.599	E9	07302019	96
3	1.047	0.77	E10	07302019	96
3	0.794	0.603	E11	07302019	96
3	0.269	0.218	E12	07302019	96
3	0.738	0.636	F1	07302019	96
3	0.901	0.7	F2	07302019	96
3	0.902	0.598	F3	07302019	96
3	0.929	0.717	F4	07302019	96
3	1.131	0.833	F5	07302019	96
3	1.077	0.82	F6	07302019	96
3	0.419	0.348	F7	07302019	96
3	0.853	0.692	F8	07302019	96
3	1.25	0.835	F9	07302019	96
3	0.083	0.081	F10	07302019	96
3	0.082	0.08	F11	07302019	96
3	0.083	0.08	F12	07302019	96
3	0.081	0.087	G1	07302019	96
3	0.079	0.084	G2	07302019	96
3	0.079	0.084	G3	07302019	96
3	0.083	0.082	G4	07302019	96
3	0.083	0.081	G5	07302019	96
3	0.084	0.082	G6	07302019	96
3	0.084	0.08	G7	07302019	96
3	0.083	0.08	G8	07302019	96
3	0.082	0.079	G9	07302019	96
3	0.083	0.08	G10	07302019	96
3	0.083	0.081	G11	07302019	96
3	0.094	0.092	G12	07302019	96
3	0.083	0.081	H1	07302019	96
3	0.084	0.08	H2	07302019	96
3	0.083	0.082	H3	07302019	96
3	0.083	0.081	H4	07302019	96
3	0.084	0.08	H5	07302019	96
3	0.083	0.079	H6	07302019	96
3	0.083	0.08	H7	07302019	96
3	0.083	0.08	H8	07302019	96
3	0.083	0.08	H9	07302019	96
3	0.083	0.081	H10	07302019	96
3	0.091	0.087	H11	07302019	96
3	0.085	0.081	H12	07302019	96
